0.4   300  9.26389e-02
0.4   400  5.21094e-02
0.4   500  3.33500e-02
0.4   600  2.31597e-02
0.4   700  1.70153e-02
0.4   800  1.30273e-02
0.4   900  1.02932e-02
0.4  1000  8.33750e-03
0.4  1100  6.89050e-03
0.4  1200  5.78993e-03
0.4  1300  4.93343e-03
0.4  1400  4.25383e-03
0.4  1500  3.70556e-03
0.4  1600  3.25684e-03
0.4  1700  2.88495e-03
0.4  1800  2.57330e-03
0.4  1900  2.30956e-03
0.4  2000  2.08437e-03
0.4  2100  1.89059e-03
0.4  2200  1.72262e-03
0.4  2300  1.57609e-03
0.4  2400  1.44748e-03
0.4  2500  1.33400e-03
0.4  2600  1.23336e-03
0.4  2700  1.14369e-03
0.4  2800  1.06346e-03
0.4  2900  9.91379e-04
0.4  3000  9.26389e-04
0.5   300  1.57500e-01
0.5   400  8.85937e-02
0.5   500  5.67000e-02
0.5   600  3.93750e-02
0.5   700  2.89286e-02
0.5   800  2.21484e-02
0.5   900  1.75000e-02
0.5  1000  1.41750e-02
0.5  1100  1.17149e-02
0.5  1200  9.84375e-03
0.5  1300  8.38757e-03
0.5  1400  7.23214e-03
0.5  1500  6.30000e-03
0.5  1600  5.53711e-03
0.5  1700  4.90484e-03
0.5  1800  4.37500e-03
0.5  1900  3.92659e-03
0.5  2000  3.54375e-03
0.5  2100  3.21429e-03
0.5  2200  2.92872e-03
0.5  2300  2.67958e-03
0.5  2400  2.46094e-03
0.5  2500  2.26800e-03
0.5  2600  2.09689e-03
0.5  2700  1.94444e-03
0.5  2800  1.80804e-03
0.5  2900  1.68549e-03
0.5  3000  1.57500e-03
0.6   300  2.42118e-01
0.6   400  1.36191e-01
0.6   500  8.71625e-02
0.6   600  6.05295e-02
0.6   700  4.44707e-02
0.6   800  3.40479e-02
0.6   900  2.69020e-02
0.6  1000  2.17906e-02
0.6  1100  1.80088e-02
0.6  1200  1.51324e-02
0.6  1300  1.28939e-02
0.6  1400  1.11177e-02
0.6  1500  9.68472e-03
0.6  1600  8.51196e-03
0.6  1700  7.54001e-03
0.6  1800  6.72550e-03
0.6  1900  6.03618e-03
0.6  2000  5.44766e-03
0.6  2100  4.94118e-03
0.6  2200  4.50220e-03
0.6  2300  4.11921e-03
0.6  2400  3.78309e-03
0.6  2500  3.48650e-03
0.6  2600  3.22347e-03
0.6  2700  2.98911e-03
0.6  2800  2.77942e-03
0.6  2900  2.59104e-03
0.6  3000  2.42118e-03
0.7   300  3.43785e-01
0.7   400  1.93379e-01
0.7   500  1.23762e-01
0.7   600  8.59462e-02
0.7   700  6.31441e-02
0.7   800  4.83447e-02
0.7   900  3.81983e-02
0.7  1000  3.09406e-02
0.7  1100  2.55708e-02
0.7  1200  2.14865e-02
0.7  1300  1.83081e-02
0.7  1400  1.57860e-02
0.7  1500  1.37514e-02
0.7  1600  1.20862e-02
0.7  1700  1.07061e-02
0.7  1800  9.54958e-03
0.7  1900  8.57081e-03
0.7  2000  7.73516e-03
0.7  2100  7.01601e-03
0.7  2200  6.39269e-03
0.7  2300  5.84889e-03
0.7  2400  5.37164e-03
0.7  2500  4.95050e-03
0.7  2600  4.57702e-03
0.7  2700  4.24426e-03
0.7  2800  3.94651e-03
0.7  2900  3.67903e-03
0.7  3000  3.43785e-03
0.8   300  4.84688e-01
0.8   400  2.72637e-01
0.8   500  1.74487e-01
0.8   600  1.21172e-01
0.8   700  8.90242e-02
0.8   800  6.81592e-02
0.8   900  5.38542e-02
0.8  1000  4.36219e-02
0.8  1100  3.60511e-02
0.8  1200  3.02930e-02
0.8  1300  2.58118e-02
0.8  1400  2.22561e-02
0.8  1500  1.93875e-02
0.8  1600  1.70398e-02
0.8  1700  1.50941e-02
0.8  1800  1.34635e-02
0.8  1900  1.20836e-02
0.8  2000  1.09055e-02
0.8  2100  9.89158e-03
0.8  2200  9.01278e-03
0.8  2300  8.24610e-03
0.8  2400  7.57324e-03
0.8  2500  6.97950e-03
0.8  2600  6.45294e-03
0.8  2700  5.98380e-03
0.8  2800  5.56401e-03
0.8  2900  5.18691e-03
0.8  3000  4.84687e-03
0.9   300  7.03194e-01
0.9   400  3.95547e-01
0.9   500  2.53150e-01
0.9   600  1.75799e-01
0.9   700  1.29158e-01
0.9   800  9.88867e-02
0.9   900  7.81327e-02
0.9  1000  6.32875e-02
0.9  1100  5.23037e-02
0.9  1200  4.39497e-02
0.9  1300  3.74482e-02
0.9  1400  3.22895e-02
0.9  1500  2.81278e-02
0.9  1600  2.47217e-02
0.9  1700  2.18988e-02
0.9  1800  1.95332e-02
0.9  1900  1.75312e-02
0.9  2000  1.58219e-02
0.9  2100  1.43509e-02
0.9  2200  1.30759e-02
0.9  2300  1.19636e-02
0.9  2400  1.09874e-02
0.9  2500  1.01260e-02
0.9  2600  9.36206e-03
0.9  2700  8.68141e-03
0.9  2800  8.07239e-03
0.9  2900  7.52527e-03
0.9  3000  7.03194e-03
1.0   300  1.00941e+00
1.0   400  5.67793e-01
1.0   500  3.63387e-01
1.0   600  2.52352e-01
1.0   700  1.85402e-01
1.0   800  1.41948e-01
1.0   900  1.12157e-01
1.0  1000  9.08469e-02
1.0  1100  7.50801e-02
1.0  1200  6.30881e-02
1.0  1300  5.37555e-02
1.0  1400  4.63504e-02
1.0  1500  4.03764e-02
1.0  1600  3.54871e-02
1.0  1700  3.14349e-02
1.0  1800  2.80392e-02
1.0  1900  2.51653e-02
1.0  2000  2.27117e-02
1.0  2100  2.06002e-02
1.0  2200  1.87700e-02
1.0  2300  1.71733e-02
1.0  2400  1.57720e-02
1.0  2500  1.45355e-02
1.0  2600  1.34389e-02
1.0  2700  1.24618e-02
1.0  2800  1.15876e-02
1.0  2900  1.08022e-02
1.0  3000  1.00941e-02
1.1   300  1.15872e+00
1.1   400  6.51777e-01
1.1   500  4.17137e-01
1.1   600  2.89679e-01
1.1   700  2.12825e-01
1.1   800  1.62944e-01
1.1   900  1.28746e-01
1.1  1000  1.04284e-01
1.1  1100  8.61854e-02
1.1  1200  7.24197e-02
1.1  1300  6.17067e-02
1.1  1400  5.32063e-02
1.1  1500  4.63486e-02
1.1  1600  4.07361e-02
1.1  1700  3.60846e-02
1.1  1800  3.21865e-02
1.1  1900  2.88876e-02
1.1  2000  2.60711e-02
1.1  2100  2.36473e-02
1.1  2200  2.15464e-02
1.1  2300  1.97135e-02
1.1  2400  1.81049e-02
1.1  2500  1.66855e-02
1.1  2600  1.54267e-02
1.1  2700  1.43051e-02
1.1  2800  1.33016e-02
1.1  2900  1.24000e-02
1.1  3000  1.15872e-02
1.2   300  1.32875e+00
1.2   400  7.47422e-01
1.2   500  4.78350e-01
1.2   600  3.32188e-01
1.2   700  2.44056e-01
1.2   800  1.86855e-01
1.2   900  1.47639e-01
1.2  1000  1.19587e-01
1.2  1100  9.88326e-02
1.2  1200  8.30469e-02
1.2  1300  7.07618e-02
1.2  1400  6.10140e-02
1.2  1500  5.31500e-02
1.2  1600  4.67139e-02
1.2  1700  4.13798e-02
1.2  1800  3.69097e-02
1.2  1900  3.31267e-02
1.2  2000  2.98969e-02
1.2  2100  2.71173e-02
1.2  2200  2.47082e-02
1.2  2300  2.26063e-02
1.2  2400  2.07617e-02
1.2  2500  1.91340e-02
1.2  2600  1.76905e-02
1.2  2700  1.64043e-02
1.2  2800  1.52535e-02
1.2  2900  1.42197e-02
1.2  3000  1.32875e-02
1.3   300  1.52007e+00
1.3   400  8.55039e-01
1.3   500  5.47225e-01
1.3   600  3.80017e-01
1.3   700  2.79196e-01
1.3   800  2.13760e-01
1.3   900  1.68897e-01
1.3  1000  1.36806e-01
1.3  1100  1.13063e-01
1.3  1200  9.50043e-02
1.3  1300  8.09504e-02
1.3  1400  6.97991e-02
1.3  1500  6.08028e-02
1.3  1600  5.34399e-02
1.3  1700  4.73378e-02
1.3  1800  4.22242e-02
1.3  1900  3.78965e-02
1.3  2000  3.42016e-02
1.3  2100  3.10218e-02
1.3  2200  2.82658e-02
1.3  2300  2.58613e-02
1.3  2400  2.37511e-02
1.3  2500  2.18890e-02
1.3  2600  2.02376e-02
1.3  2700  1.87663e-02
1.3  2800  1.74498e-02
1.3  2900  1.62671e-02
1.3  3000  1.52007e-02
